     0.464    -1.000     0.000         0
    -1.888     2.082     0.010         1
    -1.878     2.079     0.010         1
    -1.851     2.064     0.010         1
    -1.841     2.058     0.010         1
    -1.792     2.032     0.010         1
    -1.786     2.030     0.010         1
    -1.724     1.999     0.010         1
    -1.651     1.964     0.010         1
    -1.572     1.924     0.010         1
    -1.493     1.887     0.010         1
    -1.414     1.849     0.010         1
    -1.335     1.814     0.010         1
    -1.254     1.777     0.010         1
    -1.177     1.742     0.010         1
    -1.098     1.710     0.010         1
    -1.016     1.677     0.010         1
    -0.935     1.644     0.010         1
    -0.856     1.614     0.010         1
    -0.779     1.587     0.010         1
    -0.700     1.559     0.010         1
    -0.621     1.533     0.010         1
    -0.544     1.508     0.010         1
    -0.465     1.484     0.010         1
    -0.386     1.462     0.010         1
    -0.307     1.442     0.010         1
    -0.230     1.424     0.010         1
    -0.150     1.408     0.010         1
    -0.069     1.394     0.010         1
    -1.897     2.152     0.010         2
    -1.888     2.145     0.010         2
    -1.878     2.142     0.010         2
    -1.851     2.128     0.010         2
    -1.841     2.122     0.010         2
    -1.786     2.095     0.010         2
    -1.724     2.065     0.010         2
    -1.572     1.992     0.010         2
    -1.493     1.956     0.010         2
    -1.414     1.920     0.010         2
    -1.335     1.886     0.010         2
    -1.254     1.851     0.010         2
    -1.177     1.817     0.010         2
    -1.098     1.786     0.010         2
    -1.016     1.755     0.010         2
    -0.935     1.723     0.010         2
    -0.856     1.695     0.010         2
    -0.779     1.669     0.010         2
    -0.700     1.643     0.010         2
    -0.621     1.617     0.010         2
    -0.465     1.572     0.010         2
    -0.386     1.551     0.010         2
    -0.307     1.533     0.010         2
    -0.230     1.516     0.010         2
    -0.150     1.502     0.010         2
    -0.069     1.488     0.010         2
    -1.897     2.175     0.010         3
    -1.878     2.164     0.010         3
    -1.841     2.145     0.010         3
    -1.786     2.118     0.010         3
    -1.724     2.088     0.010         3
    -1.651     2.055     0.010         3
    -1.572     2.018     0.010         3
    -1.493     1.982     0.010         3
    -1.414     1.947     0.010         3
    -1.335     1.914     0.010         3
    -1.254     1.879     0.010         3
    -1.177     1.846     0.010         3
    -1.098     1.816     0.010         3
    -1.016     1.785     0.010         3
    -0.935     1.754     0.010         3
    -0.856     1.727     0.010         3
    -0.779     1.701     0.010         3
    -0.700     1.676     0.010         3
    -0.621     1.652     0.010         3
    -0.544     1.628     0.010         3
    -0.465     1.607     0.010         3
    -0.386     1.586     0.010         3
    -0.307     1.568     0.010         3
    -0.230     1.551     0.010         3
    -0.150     1.537     0.010         3
    -0.069     1.523     0.010         3
    -1.897     2.192     0.010         4
    -1.888     2.188     0.010         4
    -1.878     2.183     0.010         4
    -1.851     2.170     0.010         4
    -1.841     2.165     0.010         4
    -1.792     2.141     0.010         4
    -1.786     2.138     0.010         4
    -1.724     2.109     0.010         4
    -1.651     2.075     0.010         4
    -1.572     2.038     0.010         4
    -1.493     2.003     0.010         4
    -1.414     1.968     0.010         4
    -1.335     1.936     0.010         4
    -1.254     1.902     0.010         4
    -1.177     1.870     0.010         4
    -1.098     1.840     0.010         4
    -1.016     1.810     0.010         4
    -0.935     1.780     0.010         4
    -0.856     1.753     0.010         4
    -0.779     1.727     0.010         4
    -0.700     1.702     0.010         4
    -0.621     1.679     0.010         4
    -0.544     1.656     0.010         4
    -0.465     1.634     0.010         4
    -0.386     1.615     0.010         4
    -0.307     1.597     0.010         4
    -0.230     1.582     0.010         4
    -0.150     1.566     0.010         4
    -0.069     1.552     0.010         4
    -1.888     2.233     0.010         5
    -1.878     2.229     0.010         5
    -1.841     2.210     0.010         5
    -1.786     2.184     0.010         5
    -1.724     2.156     0.010         5
    -1.572     2.088     0.010         5
    -1.493     2.054     0.010         5
    -1.414     2.021     0.010         5
    -1.335     1.990     0.010         5
    -1.254     1.958     0.010         5
    -1.016     1.868     0.010         5
    -0.935     1.838     0.010         5
    -0.856     1.813     0.010         5
    -0.779     1.789     0.010         5
    -0.621     1.742     0.010         5
    -0.544     1.720     0.010         5
    -0.465     1.699     0.010         5
    -0.386     1.680     0.010         5
    -0.307     1.663     0.010         5
    -0.230     1.648     0.010         5
    -0.150     1.634     0.010         5
    -0.069     1.621     0.010         5
    -1.897     2.277     0.010         6
    -1.888     2.271     0.010         6
    -1.851     2.256     0.010         6
    -1.841     2.249     0.010         6
    -1.572     2.132     0.010         6
    -1.493     2.099     0.010         6
    -1.414     2.066     0.010         6
    -1.335     2.036     0.010         6
    -1.254     2.005     0.010         6
    -1.177     1.975     0.010         6
    -1.098     1.948     0.010         6
    -0.935     1.891     0.010         6
    -0.856     1.866     0.010         6
    -0.779     1.843     0.010         6
    -0.700     1.819     0.010         6
    -0.621     1.798     0.010         6
    -0.544     1.777     0.010         6
    -0.465     1.758     0.010         6
    -0.386     1.739     0.010         6
    -0.307     1.722     0.010         6
    -0.230     1.708     0.010         6
    -0.150     1.695     0.010         6
    -0.069     1.684     0.010         6
    -1.878     2.293     0.010         7
    -1.841     2.275     0.010         7
    -1.786     2.251     0.010         7
    -1.724     2.224     0.010         7
    -1.651     2.194     0.010         7
    -1.572     2.160     0.010         7
    -1.493     2.129     0.010         7
    -1.414     2.097     0.010         7
    -1.335     2.068     0.010         7
    -1.254     2.038     0.010         7
    -1.177     2.008     0.010         7
    -1.098     1.981     0.010         7
    -1.016     1.955     0.010         7
    -0.935     1.927     0.010         7
    -0.856     1.902     0.010         7
    -0.779     1.880     0.010         7
    -0.700     1.859     0.010         7
    -0.621     1.838     0.010         7
    -0.544     1.818     0.010         7
    -0.465     1.799     0.010         7
    -0.386     1.781     0.010         7
    -0.307     1.766     0.010         7
    -0.230     1.752     0.010         7
    -0.150     1.739     0.010         7
    -0.069     1.727     0.010         7
    -1.888     2.338     0.010         8
    -1.878     2.332     0.010         8
    -1.851     2.321     0.010         8
    -1.841     2.317     0.010         8
    -1.786     2.294     0.010         8
    -1.724     2.268     0.010         8
    -1.651     2.239     0.010         8
    -1.572     2.207     0.010         8
    -1.493     2.177     0.010         8
    -1.335     2.118     0.010         8
    -1.254     2.090     0.010         8
    -1.177     2.061     0.010         8
    -1.098     2.036     0.010         8
    -1.016     2.012     0.010         8
    -0.935     1.985     0.010         8
    -0.856     1.961     0.010         8
    -0.779     1.940     0.010         8
    -0.700     1.918     0.010         8
    -0.621     1.897     0.010         8
    -0.544     1.878     0.010         8
    -0.465     1.860     0.010         8
    -0.307     1.828     0.010         8
    -0.230     1.815     0.010         8
    -0.150     1.803     0.010         8
    -0.069     1.790     0.010         8
    -1.897     2.409     0.010        10
    -1.888     2.404     0.010        10
    -1.878     2.401     0.010        10
    -1.851     2.388     0.010        10
    -1.841     2.384     0.010        10
    -1.792     2.366     0.010        10
    -1.786     2.362     0.010        10
    -1.724     2.338     0.010        10
    -1.651     2.310     0.010        10
    -1.572     2.281     0.010        10
    -1.493     2.251     0.010        10
    -1.414     2.222     0.010        10
    -1.335     2.195     0.010        10
    -1.254     2.167     0.010        10
    -1.177     2.141     0.010        10
    -1.098     2.116     0.010        10
    -1.016     2.092     0.010        10
    -0.935     2.067     0.010        10
    -0.856     2.045     0.010        10
    -0.779     2.025     0.010        10
    -0.700     2.005     0.010        10
    -0.621     1.986     0.010        10
    -0.544     1.967     0.010        10
    -0.465     1.949     0.010        10
    -0.386     1.931     0.010        10
    -0.307     1.916     0.010        10
    -0.230     1.903     0.010        10
    -0.150     1.893     0.010        10
    -0.069     1.882     0.010        10
    -1.897     2.570     0.010        12
    -1.888     2.567     0.010        12
    -1.878     2.563     0.010        12
    -1.851     2.556     0.010        12
    -1.841     2.551     0.010        12
    -1.786     2.532     0.010        12
    -1.724     2.509     0.010        12
    -1.651     2.484     0.010        12
    -1.572     2.456     0.010        12
    -1.493     2.430     0.010        12
    -1.414     2.406     0.010        12
    -1.335     2.382     0.010        12
    -1.254     2.358     0.010        12
    -1.177     2.337     0.010        12
    -1.098     2.316     0.010        12
    -1.016     2.295     0.010        12
    -0.935     2.275     0.010        12
    -0.856     2.255     0.010        12
    -0.779     2.236     0.010        12
    -0.700     2.219     0.010        12
    -0.621     2.202     0.010        12
    -0.544     2.187     0.010        12
    -0.465     2.172     0.010        12
    -0.386     2.158     0.010        12
    -0.307     2.146     0.010        12
    -0.230     2.135     0.010        12
    -0.150     2.125     0.010        12
    -0.069     2.116     0.010        12
     0.464     1.000     0.000         0
     0.009     1.380     0.010         1
     0.087     1.368     0.010         1
     0.168     1.360     0.010         1
     0.247     1.353     0.010         1
     0.316     1.348     0.010         1
     0.562     1.346     0.010         1
     0.564     1.346     0.010         1
     0.614     1.348     0.010         1
     0.682     1.352     0.010         1
     0.757     1.358     0.010         1
     0.836     1.367     0.010         1
     0.912     1.377     0.010         1
     0.987     1.390     0.010         1
     1.064     1.403     0.010         1
     1.141     1.417     0.010         1
     1.221     1.435     0.010         1
     1.300     1.455     0.010         1
     1.380     1.478     0.010         1
     1.463     1.501     0.010         1
     1.542     1.527     0.010         1
     1.623     1.552     0.010         1
     1.702     1.579     0.010         1
     1.781     1.609     0.010         1
     1.863     1.639     0.010         1
     1.940     1.670     0.010         1
     2.021     1.702     0.010         1
     2.098     1.734     0.010         1
     2.179     1.768     0.010         1
     2.258     1.804     0.010         1
     2.339     1.840     0.010         1
     2.417     1.876     0.010         1
     2.494     1.914     0.010         1
     2.575     1.951     0.010         1
     2.654     1.991     0.010         1
     2.731     2.030     0.010         1
     2.892     2.111     0.010         1
     2.971     2.153     0.010         1
     3.052     2.196     0.010         1
     3.131     2.238     0.010         1
     3.210     2.281     0.010         1
     3.289     2.326     0.010         1
     3.371     2.369     0.010         1
     3.450     2.414     0.010         1
     3.532     2.460     0.010         1
     3.611     2.505     0.010         1
     3.688     2.549     0.010         1
     3.766     2.593     0.010         1
     3.848     2.640     0.010         1
     3.927     2.688     0.010         1
     4.010     2.735     0.010         1
     4.092     2.782     0.010         1
     4.168     2.829     0.010         1
     4.246     2.874     0.010         1
     4.322     2.919     0.010         1
     4.402     2.966     0.010         1
     4.481     3.014     0.010         1
     4.562     3.062     0.010         1
     4.642     3.113     0.010         1
     4.726     3.162     0.010         1
     4.805     3.213     0.010         1
     4.885     3.260     0.010         1
     5.042     3.356     0.010         1
     5.121     3.405     0.010         1
     5.200     3.455     0.010         1
     5.280     3.503     0.010         1
     5.359     3.555     0.010         1
     5.438     3.603     0.010         1
     5.518     3.653     0.010         1
     5.595     3.702     0.010         1
     5.674     3.751     0.010         1
     5.753     3.801     0.010         1
     5.836     3.853     0.010         1
     5.915     3.902     0.010         1
     5.995     3.953     0.010         1
     6.074     4.003     0.010         1
     6.154     4.053     0.010         1
     6.235     4.106     0.010         1
     6.318     4.157     0.010         1
     6.398     4.210     0.010         1
     6.479     4.260     0.010         1
     6.558     4.310     0.010         1
     6.636     4.360     0.010         1
     6.716     4.412     0.010         1
     6.795     4.464     0.010         1
     6.874     4.514     0.010         1
     6.951     4.564     0.010         1
     7.032     4.615     0.010         1
     7.113     4.668     0.010         1
     7.192     4.719     0.010         1
     7.270     4.770     0.010         1
     7.351     4.821     0.010         1
     7.429     4.870     0.010         1
     7.510     4.923     0.010         1
     7.591     4.976     0.010         1
     7.672     5.028     0.010         1
     7.752     5.080     0.010         1
     7.832     5.131     0.010         1
     7.911     5.183     0.010         1
     7.990     5.236     0.010         1
     8.068     5.285     0.010         1
     8.145     5.335     0.010         1
     8.301     5.437     0.010         1
     8.384     5.489     0.010         1
     8.543     5.596     0.010         1
     8.625     5.648     0.010         1
     8.705     5.700     0.010         1
     8.781     5.750     0.010         1
     8.861     5.802     0.010         1
     8.937     5.854     0.010         1
     9.095     5.956     0.010         1
     9.175     6.008     0.010         1
     9.255     6.060     0.010         1
     9.333     6.114     0.010         1
     9.413     6.166     0.010         1
     9.495     6.218     0.010         1
     9.575     6.272     0.010         1
     9.656     6.323     0.010         1
     9.731     6.374     0.010         1
     9.811     6.427     0.010         1
     9.889     6.480     0.010         1
     9.969     6.531     0.010         1
    10.050     6.584     0.010         1
    10.128     6.636     0.010         1
    10.207     6.687     0.010         1
    10.285     6.739     0.010         1
    10.361     6.791     0.010         1
    10.436     6.841     0.010         1
    10.514     6.891     0.010         1
    10.589     6.940     0.010         1
    10.668     6.991     0.010         1
    10.746     7.044     0.010         1
    10.823     7.095     0.010         1
    10.903     7.147     0.010         1
    10.983     7.199     0.010         1
    11.061     7.252     0.010         1
    11.139     7.304     0.010         1
    11.219     7.356     0.010         1
    11.299     7.409     0.010         1
    11.377     7.460     0.010         1
    11.457     7.514     0.010         1
    11.536     7.566     0.010         1
    11.620     7.619     0.010         1
    11.698     7.674     0.010         1
    11.779     7.727     0.010         1
    11.859     7.780     0.010         1
    11.939     7.833     0.010         1
    12.021     7.886     0.010         1
     0.009     1.475     0.010         2
     0.087     1.464     0.010         2
     0.168     1.456     0.010         2
     0.247     1.449     0.010         2
     0.316     1.445     0.010         2
     0.562     1.442     0.010         2
     0.564     1.442     0.010         2
     0.614     1.444     0.010         2
     0.682     1.448     0.010         2
     0.757     1.453     0.010         2
     0.836     1.462     0.010         2
     0.912     1.471     0.010         2
     0.987     1.482     0.010         2
     1.064     1.494     0.010         2
     1.141     1.508     0.010         2
     1.221     1.525     0.010         2
     1.300     1.542     0.010         2
     1.380     1.563     0.010         2
     1.463     1.585     0.010         2
     1.542     1.609     0.010         2
     1.623     1.633     0.010         2
     1.702     1.658     0.010         2
     1.781     1.685     0.010         2
     1.863     1.714     0.010         2
     1.940     1.743     0.010         2
     2.021     1.773     0.010         2
     2.098     1.804     0.010         2
     2.179     1.837     0.010         2
     2.258     1.870     0.010         2
     2.339     1.906     0.010         2
     2.417     1.939     0.010         2
     2.494     1.976     0.010         2
     2.575     2.012     0.010         2
     2.654     2.050     0.010         2
     2.731     2.088     0.010         2
     2.812     2.127     0.010         2
     0.009     1.510     0.010         3
     0.087     1.500     0.010         3
     0.168     1.492     0.010         3
     0.247     1.486     0.010         3
     0.316     1.482     0.010         3
     0.562     1.479     0.010         3
     0.564     1.478     0.010         3
     0.614     1.480     0.010         3
     0.682     1.483     0.010         3
     0.757     1.489     0.010         3
     0.836     1.497     0.010         3
     0.912     1.506     0.010         3
     0.987     1.516     0.010         3
     1.064     1.529     0.010         3
     1.141     1.542     0.010         3
     1.221     1.559     0.010         3
     1.300     1.577     0.010         3
     1.380     1.596     0.010         3
     1.463     1.617     0.010         3
     1.542     1.640     0.010         3
     1.623     1.663     0.010         3
     1.702     1.687     0.010         3
     1.781     1.714     0.010         3
     1.863     1.743     0.010         3
     1.940     1.772     0.010         3
     2.021     1.801     0.010         3
     2.098     1.831     0.010         3
     2.179     1.862     0.010         3
     2.258     1.895     0.010         3
     2.339     1.930     0.010         3
     2.417     1.963     0.010         3
     2.494     1.998     0.010         3
     2.575     2.034     0.010         3
     2.654     2.071     0.010         3
     2.731     2.107     0.010         3
     2.812     2.147     0.010         3
     2.892     2.184     0.010         3
     2.971     2.223     0.010         3
     3.052     2.264     0.010         3
     3.131     2.304     0.010         3
     3.210     2.345     0.010         3
     3.289     2.388     0.010         3
     3.371     2.430     0.010         3
     3.450     2.472     0.010         3
     3.532     2.516     0.010         3
     3.611     2.558     0.010         3
     3.766     2.643     0.010         3
     3.848     2.689     0.010         3
     3.927     2.734     0.010         3
     4.010     2.779     0.010         3
     4.092     2.824     0.010         3
     4.168     2.869     0.010         3
     4.246     2.912     0.010         3
     0.009     1.540     0.010         4
     0.087     1.530     0.010         4
     0.168     1.523     0.010         4
     0.247     1.514     0.010         4
     0.316     1.511     0.010         4
     0.562     1.509     0.010         4
     0.564     1.509     0.010         4
     0.614     1.510     0.010         4
     0.682     1.514     0.010         4
     0.757     1.519     0.010         4
     0.836     1.526     0.010         4
     0.912     1.534     0.010         4
     0.987     1.545     0.010         4
     1.064     1.557     0.010         4
     1.141     1.570     0.010         4
     1.221     1.586     0.010         4
     1.300     1.603     0.010         4
     1.702     1.715     0.010         4
     1.781     1.742     0.010         4
     1.863     1.769     0.010         4
     1.940     1.798     0.010         4
     2.021     1.827     0.010         4
     2.098     1.856     0.010         4
     2.258     1.918     0.010         4
     2.339     1.952     0.010         4
     2.417     1.984     0.010         4
     2.494     2.019     0.010         4
     2.575     2.053     0.010         4
     2.654     2.091     0.010         4
     2.731     2.126     0.010         4
     2.812     2.165     0.010         4
     2.892     2.202     0.010         4
     2.971     2.242     0.010         4
     3.052     2.282     0.010         4
     3.131     2.321     0.010         4
     3.210     2.361     0.010         4
     3.371     2.444     0.010         4
     3.450     2.486     0.010         4
     3.532     2.529     0.010         4
     3.611     2.571     0.010         4
     3.688     2.613     0.010         4
     3.766     2.654     0.010         4
     3.848     2.699     0.010         4
     3.927     2.744     0.010         4
     4.010     2.788     0.010         4
     4.092     2.834     0.010         4
     4.168     2.877     0.010         4
     4.246     2.921     0.010         4
     4.322     2.963     0.010         4
     4.402     3.008     0.010         4
     4.481     3.054     0.010         4
     0.009     1.609     0.010         5
     0.087     1.599     0.010         5
     0.168     1.593     0.010         5
     0.247     1.585     0.010         5
     0.316     1.581     0.010         5
     0.562     1.579     0.010         5
     0.564     1.579     0.010         5
     0.614     1.579     0.010         5
     0.682     1.582     0.010         5
     0.757     1.586     0.010         5
     0.836     1.593     0.010         5
     0.912     1.602     0.010         5
     0.987     1.612     0.010         5
     1.064     1.623     0.010         5
     1.141     1.636     0.010         5
     1.221     1.650     0.010         5
     1.300     1.667     0.010         5
     1.380     1.685     0.010         5
     1.463     1.706     0.010         5
     1.542     1.728     0.010         5
     1.623     1.749     0.010         5
     1.863     1.825     0.010         5
     1.940     1.851     0.010         5
     2.021     1.878     0.010         5
     2.098     1.906     0.010         5
     2.179     1.935     0.010         5
     2.258     1.966     0.010         5
     2.339     1.999     0.010         5
     2.417     2.031     0.010         5
     2.494     2.065     0.010         5
     2.575     2.097     0.010         5
     2.654     2.133     0.010         5
     2.731     2.168     0.010         5
     2.812     2.205     0.010         5
     2.892     2.240     0.010         5
     2.971     2.278     0.010         5
     3.052     2.318     0.010         5
     3.131     2.356     0.010         5
     3.210     2.394     0.010         5
     3.289     2.435     0.010         5
     3.371     2.475     0.010         5
     3.450     2.516     0.010         5
     3.532     2.558     0.010         5
     3.611     2.598     0.010         5
     3.688     2.639     0.010         5
     3.766     2.679     0.010         5
     3.848     2.723     0.010         5
     4.010     2.809     0.010         5
     4.092     2.852     0.010         5
     4.168     2.895     0.010         5
     4.246     2.937     0.010         5
     4.322     2.978     0.010         5
     4.402     3.021     0.010         5
     4.481     3.065     0.010         5
     0.009     1.672     0.010         6
     0.087     1.662     0.010         6
     0.168     1.655     0.010         6
     0.247     1.649     0.010         6
     0.316     1.644     0.010         6
     0.562     1.642     0.010         6
     0.564     1.642     0.010         6
     0.614     1.644     0.010         6
     0.836     1.657     0.010         6
     0.987     1.674     0.010         6
     1.064     1.684     0.010         6
     1.141     1.694     0.010         6
     1.221     1.709     0.010         6
     1.300     1.725     0.010         6
     1.380     1.742     0.010         6
     1.463     1.761     0.010         6
     1.542     1.782     0.010         6
     1.623     1.802     0.010         6
     1.702     1.823     0.010         6
     1.781     1.847     0.010         6
     1.940     1.899     0.010         6
     2.021     1.925     0.010         6
     2.098     1.952     0.010         6
     2.179     1.979     0.010         6
     2.258     2.010     0.010         6
     2.339     2.042     0.010         6
     2.417     2.073     0.010         6
     2.494     2.105     0.010         6
     2.575     2.138     0.010         6
     2.654     2.170     0.010         6
     2.731     2.204     0.010         6
     2.812     2.240     0.010         6
     2.892     2.274     0.010         6
     2.971     2.310     0.010         6
     3.052     2.348     0.010         6
     3.131     2.385     0.010         6
     3.210     2.422     0.010         6
     3.289     2.460     0.010         6
     3.450     2.534     0.010         6
     3.532     2.577     0.010         6
     3.611     2.617     0.010         6
     3.688     2.657     0.010         6
     3.766     2.695     0.010         6
     3.848     2.738     0.010         6
     3.927     2.781     0.010         6
     0.009     1.716     0.010         7
     0.087     1.707     0.010         7
     0.168     1.699     0.010         7
     0.247     1.693     0.010         7
     0.316     1.689     0.010         7
     0.562     1.687     0.010         7
     0.564     1.687     0.010         7
     0.614     1.687     0.010         7
     0.682     1.690     0.010         7
     0.757     1.694     0.010         7
     0.836     1.699     0.010         7
     0.912     1.706     0.010         7
     0.987     1.715     0.010         7
     1.064     1.725     0.010         7
     1.141     1.735     0.010         7
     1.221     1.749     0.010         7
     1.300     1.764     0.010         7
     1.380     1.781     0.010         7
     1.463     1.800     0.010         7
     1.542     1.819     0.010         7
     1.623     1.838     0.010         7
     1.702     1.859     0.010         7
     1.781     1.883     0.010         7
     1.863     1.907     0.010         7
     1.940     1.932     0.010         7
     2.021     1.957     0.010         7
     2.098     1.983     0.010         7
     2.179     2.010     0.010         7
     2.258     2.038     0.010         7
     2.339     2.068     0.010         7
     2.417     2.099     0.010         7
     2.494     2.131     0.010         7
     2.575     2.160     0.010         7
     2.654     2.194     0.010         7
     2.731     2.226     0.010         7
     2.812     2.260     0.010         7
     2.892     2.295     0.010         7
     2.971     2.329     0.010         7
     3.052     2.366     0.010         7
     3.131     2.401     0.010         7
     0.009     1.779     0.010         8
     0.087     1.769     0.010         8
     0.168     1.762     0.010         8
     0.247     1.756     0.010         8
     0.316     1.750     0.010         8
     0.562     1.750     0.010         8
     0.564     1.748     0.010         8
     0.614     1.750     0.010         8
     0.682     1.752     0.010         8
     0.757     1.755     0.010         8
     0.836     1.760     0.010         8
     0.912     1.767     0.010         8
     0.987     1.775     0.010         8
     1.064     1.784     0.010         8
     1.141     1.795     0.010         8
     1.221     1.807     0.010         8
     1.300     1.821     0.010         8
     1.380     1.837     0.010         8
     1.463     1.854     0.010         8
     1.542     1.872     0.010         8
     1.623     1.891     0.010         8
     1.702     1.911     0.010         8
     1.781     1.932     0.010         8
     1.863     1.955     0.010         8
     1.940     1.978     0.010         8
     2.021     2.003     0.010         8
     2.098     2.027     0.010         8
     2.258     2.081     0.010         8
     2.339     2.110     0.010         8
     2.417     2.138     0.010         8
     2.494     2.167     0.010         8
     2.575     2.197     0.010         8
     2.654     2.229     0.010         8
     2.731     2.261     0.010         8
     2.812     2.295     0.010         8
     2.892     2.326     0.010         8
     2.971     2.359     0.010         8
     3.052     2.395     0.010         8
     3.131     2.429     0.010         8
     3.289     2.500     0.010         8
     0.682     1.810     0.010         9
     0.912     1.825     0.010         9
     0.987     1.833     0.010         9
     1.064     1.842     0.010         9
     1.221     1.863     0.010         9
     1.300     1.877     0.010         9
     1.380     1.892     0.010         9
     1.463     1.906     0.010         9
     1.542     1.924     0.010         9
     1.702     1.959     0.010         9
     1.781     1.977     0.010         9
     1.863     2.002     0.010         9
     1.940     2.023     0.010         9
     2.021     2.048     0.010         9
     2.098     2.071     0.010         9
     2.179     2.093     0.010         9
     2.258     2.122     0.010         9
     2.417     2.176     0.010         9
     2.494     2.204     0.010         9
     2.575     2.233     0.010         9
     2.654     2.265     0.010         9
     2.731     2.294     0.010         9
     2.812     2.327     0.010         9
     2.892     2.358     0.010         9
     2.971     2.390     0.010         9
     3.052     2.425     0.010         9
     3.131     2.457     0.010         9
     0.009     1.871     0.010        10
     0.087     1.863     0.010        10
     0.168     1.858     0.010        10
     0.247     1.852     0.010        10
     0.316     1.849     0.010        10
     0.562     1.846     0.010        10
     0.564     1.846     0.010        10
     0.614     1.847     0.010        10
     0.682     1.848     0.010        10
     0.912     1.863     0.010        10
     0.987     1.871     0.010        10
     1.064     1.879     0.010        10
     1.141     1.888     0.010        10
     1.221     1.900     0.010        10
     1.300     1.912     0.010        10
     1.380     1.927     0.010        10
     1.463     1.944     0.010        10
     1.542     1.961     0.010        10
     1.623     1.978     0.010        10
     1.702     2.000     0.010        10
     1.781     2.019     0.010        10
     1.863     2.036     0.010        10
     1.940     2.058     0.010        10
     2.021     2.080     0.010        10
     2.098     2.103     0.010        10
     2.179     2.127     0.010        10
     2.258     2.153     0.010        10
     2.339     2.180     0.010        10
     2.417     2.205     0.010        10
     2.494     2.233     0.010        10
     2.575     2.259     0.010        10
     2.654     2.289     0.010        10
     2.731     2.317     0.010        10
     2.812     2.350     0.010        10
     2.892     2.379     0.010        10
     2.971     2.410     0.010        10
     3.052     2.443     0.010        10
     3.131     2.475     0.010        10
     3.210     2.508     0.010        10
     3.289     2.539     0.010        10
     3.371     2.579     0.010        10
     3.450     2.615     0.010        10
     3.532     2.652     0.010        10
     3.611     2.687     0.010        10
     3.688     2.723     0.010        10
     3.766     2.758     0.010        10
     3.848     2.796     0.010        10
     3.927     2.833     0.010        10
     4.010     2.871     0.010        10
     4.092     2.908     0.010        10
     4.168     2.945     0.010        10
     0.564     1.945     0.010        11
     0.614     1.946     0.010        11
     0.682     1.948     0.010        11
     0.757     1.952     0.010        11
     0.836     1.957     0.010        11
     0.912     1.963     0.010        11
     0.987     1.972     0.010        11
     1.064     1.981     0.010        11
     1.141     1.989     0.010        11
     1.221     2.002     0.010        11
     1.300     2.014     0.010        11
     1.380     2.029     0.010        11
     1.463     2.043     0.010        11
     1.542     2.060     0.010        11
     1.623     2.074     0.010        11
     1.702     2.090     0.010        11
     1.781     2.108     0.010        11
     1.863     2.127     0.010        11
     1.940     2.147     0.010        11
     2.021     2.168     0.010        11
     2.179     2.212     0.010        11
     2.258     2.236     0.010        11
     2.339     2.263     0.010        11
     2.417     2.288     0.010        11
     2.654     2.369     0.010        11
     2.812     2.426     0.010        11
     3.131     2.547     0.010        11
     3.210     2.578     0.010        11
     3.289     2.616     0.010        11
     3.371     2.647     0.010        11
     3.450     2.681     0.010        11
     3.532     2.716     0.010        11
     3.611     2.749     0.010        11
     3.688     2.783     0.010        11
     3.766     2.816     0.010        11
     3.848     2.850     0.010        11
     3.927     2.887     0.010        11
     0.009     2.109     0.010        12
     0.087     2.103     0.010        12
     0.168     2.098     0.010        12
     0.247     2.093     0.010        12
     0.316     2.090     0.010        12
     0.562     2.089     0.010        12
     0.564     2.087     0.010        12
     0.614     2.087     0.010        12
     0.682     2.088     0.010        12
     0.757     2.090     0.010        12
     0.836     2.093     0.010        12
     0.912     2.098     0.010        12
     0.987     2.103     0.010        12
     1.064     2.110     0.010        12
     1.141     2.117     0.010        12
     1.221     2.126     0.010        12
     1.300     2.136     0.010        12
     1.380     2.147     0.010        12
     1.463     2.160     0.010        12
     1.542     2.174     0.010        12
     1.623     2.188     0.010        12
     1.702     2.204     0.010        12
     1.781     2.220     0.010        12
     1.863     2.239     0.010        12
     1.940     2.256     0.010        12
     2.021     2.276     0.010        12
     2.098     2.295     0.010        12
     2.179     2.316     0.010        12
     2.258     2.338     0.010        12
     2.339     2.361     0.010        12
     2.417     2.384     0.010        12
     2.494     2.407     0.010        12
     2.575     2.433     0.010        12
     2.654     2.458     0.010        12
     2.731     2.484     0.010        12
     2.812     2.512     0.010        12
     2.892     2.540     0.010        12
     2.971     2.568     0.010        12
     3.052     2.598     0.010        12
     3.131     2.627     0.010        12
     3.210     2.657     0.010        12
     3.289     2.687     0.010        12
     3.371     2.719     0.010        12
     3.450     2.749     0.010        12
     3.532     2.782     0.010        12
     3.611     2.814     0.010        12
     3.688     2.845     0.010        12
     3.766     2.877     0.010        12
     3.848     2.911     0.010        12
     3.927     2.944     0.010        12
     4.010     2.978     0.010        12
     4.092     3.013     0.010        12
     4.168     3.045     0.010        12
     4.246     3.078     0.010        12
     4.322     3.111     0.010        12
     4.402     3.147     0.010        12
     4.481     3.181     0.010        12
     4.562     3.217     0.010        12
     4.642     3.253     0.010        12
     4.726     3.291     0.010        12
     0.000     0.000     0.000        -1
