 1  -10.000  10.000
 0    0.000   0.000
          0       0
 1  -10.000   0.000  10.000
 0    1.485   1.485   1.485
          0       1       0
 1  -10.000   0.000  10.000
 0    1.492   1.492   1.492
          0       1       0
 2  -10.000   0.000  10.000
 0    1.997   1.997   1.997
          0       1       0
 2  -10.000  10.000
 0    1.640   1.640
          0       0
 2  -10.000  10.000
 0    1.650   1.650
          0       0
 3  -10.000  10.000
 0    2.080   2.080
          0       0
 3  -10.000  10.000
 0    1.640   1.640
          0       0
 3  -10.000  10.000
 0    1.640   1.640
          0       0
 4  -10.000  10.000
 0    2.113   2.110
          0       0
 4  -10.000  10.000
 0    1.640   1.640
          0       0
 4  -10.000  10.000
 0    1.650   1.650
          0       0
 5  -10.000  10.000
 0    2.130   2.130
          0       0
 5  -10.000  10.000
 0    1.770   1.770
          0       0
 5  -10.000  10.000
 0    1.780   1.780
          0       0
 6  -10.000  10.000
 0    2.200   2.190
          0       0
 6  -10.000  10.000
 0    1.830   1.830
          0       0
 6  -10.000  10.000
 0    1.830   1.830
          0       0
 7  -10.000  10.000
 0    2.260   2.250
          0       0
 7  -10.000  10.000
 0    1.930   1.930
          0       0
 7  -10.000  10.000
 0    1.940   1.940
          0       0
 8  -10.000  10.000
 0    2.300   2.290
          0       0
 8  -10.000  10.000
 0    1.940   1.940
          0       0
 8  -10.000  10.000
 0    1.940   1.940
          0       0
 9  -10.000  10.000
 0    2.350   2.350
          0       0
 9  -10.000  10.000
 0    2.160   2.160
          0       0
 9  -10.000  10.000
 0    2.160   2.160
          0       0
10  -10.000  10.000
 0    2.420   2.410
          0       0
10  -10.000  10.000
 0    1.820   1.820
          0       0
10  -10.000  10.000
 0    1.840   1.840
          0       0
11  -10.000  10.000
 0    2.450   2.450
          0       0
11  -10.000  10.000
 0    1.860   1.860
          0       0
11  -10.000  10.000
 0    1.870   1.870
          0       0
12  -10.000  10.000
 0    2.550   2.550
          0       0
12  -10.000  10.000
 0    2.180   2.180
          0       0
12  -10.000  10.000
 0    2.190   2.190
          0       0
13  -10.000  10.000
 0    2.670   2.670
          0       0
13  -10.000  10.000
 0    2.190   2.190
          0       0
13  -10.000  10.000
 0    2.220   2.220
          0       0
14  -10.000  10.000
 0    2.700   2.700
